3062120,
6469109,
9911018,
12706295,
9304736,
5862494,
3063844,
5766495,
7893511,
10805528,
13966804,
11842046,
8932749,
5767952,
9292827,
11984335,
14519725,
17695509,
15014466,
12482004,
9296633,
12446311,
15343318,
17882695,
20574298,
17685115,
15142922,
12447638,
14924616,
17815282,
20912309,
24336395,
21450569,
18352792,
14925588,
17250536,
19789093,
22604346,
23788485,
21251632,
18438306,
17250955,
18336942,
19418911,
20498343,
21582357,
20513003,
19434809,
18343315,
19464864,
20540553,
21619942,
22698266,
21637441,
20554900,
19471183,
21216756,
24566483,
27459701,
30332662,
26989995,
24101470,
21218840,
23964557,
26168440,
