72000.000000,
127000.000000,
134000.000000,
137000.000000,
156000.000000,
121000.000000,
118000.000000,
111000.000000,
164000.000000,
169000.000000,
173000.000000,
178000.000000,
178000.000000,
168000.000000,
220000.000000,
219000.000000,
217000.000000,
227000.000000,
236000.000000,
237000.000000,
201000.000000,
244000.000000,
259000.000000,
210000.000000,
257000.000000,
297000.000000,
264000.000000,
254000.000000,
255000.000000,
259000.000000,
205000.000000,
297000.000000,
301000.000000,
209000.000000,
208000.000000,
268000.000000,
311000.000000,
265000.000000,
