1358111.000000,
1328424.000000,
1302128.000000,
1271723.000000,
1239890.000000,
1210543.000000,
1174614.000000,
1144796.000000,
1117470.000000,
1089309.000000,
1059147.000000,
1023056.000000,
992556.000000,
961282.000000,
933537.000000,
901089.000000,
866420.000000,
833610.000000,
799042.000000,
767510.000000,
738310.000000,
704699.000000,
675304.000000,
644801.000000,
598495.000000,
550286.000000,
502415.000000,
454343.000000,
406721.000000,
359204.000000,
311042.000000,
263335.000000,
214746.000000,
170987.000000,
140428.000000,
110591.000000,
80715.000000,
51788.000000,
24756.000000,
