0.003421,
0.003486,
0.003802,
0.003892,
0.001487,
0.002115,
0.002448,
0.002787,
0.000753,
0.001278,
0.001649,
0.001909,
0.000554,
0.000951,
0.001257,
0.001499,
0.000416,
0.000742,
0.001030,
0.001261,
0.000352,
0.000637,
0.000879,
0.001064,
0.000294,
0.000521,
0.000738,
0.000936,
0.000253,
0.000481,
0.000669,
0.000862,
0.000217,
0.000436,
0.000602,
0.000752,
0.000189,
0.000360,
0.000524,
0.000664,
0.000183,
0.000339,
0.000474,
0.000645,
0.000150,
0.000336,
0.000517,
0.000686,
0.000193,
0.000373,
0.000542,
0.000697,
0.000182,
0.000351,
0.000512,
0.000657,
0.000171,
0.000327,
0.000474,
0.000615,
0.000157,
0.000308,
0.000435,
0.000533,
0.000137,
0.000243,
0.000344,
0.000436,
0.000108,
0.000207,
0.000297,
0.000373,
0.000096,
0.000178,
